# GIMP colorrc
# 
# This file holds a list of recently used colors.

(color-history
    (color-rgba 0 0 0 1)
    (color-rgba 1 1 1 1)
    (color-rgba 0.74117648601531982 0.729411780834198 0.74117648601531982 1)
    (color-rgba 0.64313727617263794 0.62352943420410156 0.64313727617263794 1)
    (color-rgba 0.69411766529083252 0.46274513006210327 0.63529413938522339 1)
    (color-rgba 0.039215687662363052 0.043137256056070328 0.019607843831181526 1)
    (color-rgba 0 0 0 4.6649966711127321e-310)
    (color-rgba 0.85490202903747559 0.83529418706893921 0.7450980544090271 1)
    (color-rgba 0.87450987100601196 0.83921575546264648 0.7568628191947937 1)
    (color-rgba 0.94509810209274292 0.90588241815567017 0.82352948188781738 1)
    (color-rgba 0.91764712333679199 0.87843143939971924 0.79215693473815918 1)
    (color-rgba 0.87450987100601196 0.88235300779342651 0.87058830261230469 1)
    (color-rgba 0.49411764705882355 0.40392156862745099 0.20000000000000001 1)
    (color-rgba 0.79215693473815918 0.85490202903747559 0.91764712333679199 1)
    (color-rgba 0.85490202903747559 0.84705889225006104 0.81176477670669556 1)
    (color-rgba 0.90980398654937744 0.89411771297454834 0.84705889225006104 1)
    (color-rgba 0.79215693473815918 0.85554888567973664 0.91764712333679199 1)
    (color-rgba 0.83137261867523193 0.79607850313186646 0.72549021244049072 1)
    (color-rgba 0.64313727617263794 0.61568629741668701 0.56078433990478516 1)
    (color-rgba 0.729411780834198 0.70196080207824707 0.63529413938522339 1)
    (color-rgba 0.61960786581039429 0.68235296010971069 0.57254904508590698 1)
    (color-rgba 0.7882353663444519 0.7882353663444519 0.69411766529083252 1)
    (color-rgba 0.38431376218795776 0.36862745881080627 0.32941177487373352 1)
    (color-rgba 0.70618556701030921 0.25119352383588184 0.25119352383588184 1)
    (color-rgba 0.93725496530532837 0.89803928136825562 0.81176477670669556 1)
    (color-rgba 0.31764706969261169 0.30196079611778259 0.27058824896812439 1)
    (color-rgba 0.64705884456634521 0.61960786581039429 0.55686277151107788 1)
    (color-rgba 0.65098041296005249 0.62352943420410156 0.56078433990478516 1)
    (color-rgba 0.92941182851791382 0.81960791349411011 0.73725491762161255 1)
    (color-rgba 0.87843143939971924 0.83921575546264648 0.7568628191947937 1)
    (color-rgba 0.21568629145622253 0.20784315466880798 0.18039216101169586 1)
    (color-rgba 1 0 0 1)
    (color-rgba 0.26804123711340222 1 0 1)
    (color-rgba 0.17882635574535599 0.49484536082474229 0.063101086279665139 1)
    (color-rgba 0.81176477670669556 0.77647066116333008 0.70196080207824707 1)
    (color-rgba 0.62052967992233632 0.68041237113402064 0.5708157475956549 1)
    (color-rgba 0.65478290455875099 0.69072164948453607 0.61655019719089466 1)
    (color-rgba 0.85684253082676365 0.91764705882352937 0.792156862745098 1)
    (color-rgba 0.7568628191947937 0.72549021244049072 0.65882354974746704 1)
    (color-rgba 0.54509806632995605 0 1 1)
    (color-rgba 0.54639175257731942 0 1 1)
    (color-rgba 0 0.25773195876288657 1 1)
    (color-rgba 0.90980398654937744 0.89803928136825562 0.81568634510040283 1)
    (color-rgba 0.82053776991736027 0.90980398654937744 0.81568634510040283 1)
    (color-rgba 0.28627452254295349 0.20392158627510071 0.14509804546833038 1)
    (color-rgba 0.47843140363693237 0.18039216101169586 0.18039216101169586 1)
    (color-rgba 0.41568630933761597 0.15686275064945221 0.15686275064945221 1)
    (color-rgba 0.27058824896812439 0.10196079313755035 0.10196079313755035 1)
    (color-rgba 0.25098040699958801 0.18039216101169586 0.12941177189350128 1)
    (color-rgba 0.29019609093666077 0.20392158627510071 0.14901961386203766 1)
    (color-rgba 0.27843138575553894 0.20000001788139343 0.14117647707462311 1)
    (color-rgba 0.19607844948768616 0.14117647707462311 0.10196079313755035 1)
    (color-rgba 0.30588236451148987 0.21568629145622253 0.15686275064945221 1)
    (color-rgba 0.27058824896812439 0.19215688109397888 0.13725490868091583 1)
    (color-rgba 0.11764706671237946 0.11764706671237946 0.11764706671237946 1)
    (color-rgba 0.11372549831867218 0.11372549831867218 0.11372549831867218 1)
    (color-rgba 0.10588236153125763 0.10588236153125763 0.10588236153125763 1)
    (color-rgba 0.31372550129890442 0.11764706671237946 0.11764706671237946 1)
    (color-rgba 0.34509804844856262 0.12941177189350128 0.12941177189350128 1)
    (color-rgba 0.51764708757400513 0.19607844948768616 0.19607844948768616 1)
    (color-rgba 0.9490196704864502 0.89411771297454834 0.81568634510040283 1)
    (color-rgba 0.94509810209274292 0.88627457618713379 0.80392163991928101 1)
    (color-rgba 0.92941182851791382 0.85490202903747559 0.74901962280273438 1)
    (color-rgba 0.85882359743118286 0.66666668653488159 0.5058823823928833 1)
    (color-rgba 0.17254902422428131 0.40784317255020142 0.43529415130615234 1)
    (color-rgba 0.058823533356189728 0.058823533356189728 0.058823533356189728 1)
    (color-rgba 0.13725490868091583 0.13725490868091583 0.13725490868091583 1)
    (color-rgba 0.30980393290519714 0.17254902422428131 0.062745101749897003 1)
    (color-rgba 0.66666668653488159 0.40784317255020142 0.18039216101169586 1)
    (color-rgba 0.45490199327468872 0.25098040699958801 0.094117656350135803 1)
    (color-rgba 0.27058824896812439 0.43137258291244507 0.19607844948768616 1)
    (color-rgba 0 1 0.25773195876288657 1)
    (color-rgba 0.90980398654937744 0.81568634510040283 0.81568634510040283 1)
    (color-rgba 0.87843143939971924 0.85882359743118286 0.74117648601531982 1)
    (color-rgba 0.89690721649484539 0.85552307479416034 0.76447796305265348 1)
    (color-rgba 0.86274516582489014 0.82745105028152466 0.75294125080108643 1)
    (color-rgba 0.91372555494308472 0.87450987100601196 0.79607850313186646 1)
    (color-rgba 0.87058830261230469 0.87450987100601196 0.87450987100601196 1)
    (color-rgba 0.16078431904315948 0.16078431904315948 0.16078431904315948 1)
    (color-rgba 0.29411765933036804 0.29411765933036804 0.29411765933036804 1)
    (color-rgba 0.62352943420410156 0.62352943420410156 0.62352943420410156 1)
    (color-rgba 0.43529415130615234 0.43529415130615234 0.43529415130615234 1)
    (color-rgba 0.81958762886597936 0.78291704144468277 0.70957586660208949 1)
    (color-rgba 0.1606586867778316 0.18556701030927836 0.17015979987745564 1)
    (color-rgba 0.78431379795074463 0.76470595598220825 0.63921570777893066 1)
    (color-rgba 0.79215693473815918 0.7725490927696228 0.65098041296005249 1)
    (color-rgba 0.79215693473815918 0.7725490927696228 0.64705884456634521 1)
    (color-rgba 0.77647066116333008 0.69803923368453979 0.65882354974746704 1)
    (color-rgba 0.074509806931018829 0.10196079313755035 0.13333334028720856 1)
    (color-rgba 0.70588237047195435 0.31764706969261169 0.4901961088180542 1)
    (color-rgba 0.12549020349979401 0.10588236153125763 0.13725490868091583 1)
    (color-rgba 0.11372549831867218 0.098039224743843079 0.12549020349979401 1)
    (color-rgba 0.21568629145622253 0.11372549831867218 0.11372549831867218 1)
    (color-rgba 0.19215688109397888 0.18039216101169586 0.20392158627510071 1)
    (color-rgba 0.050980396568775177 0.043137256056070328 0.054901964962482452 1)
    (color-rgba 0.13333334028720856 0.11372549831867218 0.14901961386203766 1)
    (color-rgba 0.15686275064945221 0.15686275064945221 0.15686275064945221 1)
    (color-rgba 0.80784313725490198 0.80784313725490198 0.80784313725490198 1)
    (color-rgba 0 0.52941176470588236 0.84313725490196079 4.6697669605508345e-310)
    (color-rgba 0 0.52941179275512695 0.84313732385635376 1)
    (color-rgba 0.69411764705882351 0.67450980392156867 0.82352941176470584 4.6697670829961117e-310)
    (color-rgba 0.69411766529083252 0.67450982332229614 0.82352948188781738 1)
    (color-rgba 0.12156863510608673 0.53333336114883423 0.84313732385635376 1)
    (color-rgba 0.17254902422428131 0.53333336114883423 0.84313732385635376 1)
    (color-rgba 0.75294125080108643 0.84705889225006104 0.72156864404678345 1)
    (color-rgba 0.015686275437474251 0.58823531866073608 0.76862752437591553 1)
    (color-rgba 0.062745101749897003 0.65098041296005249 0.74117648601531982 1)
    (color-rgba 0.73725491762161255 0.77647066116333008 0.77647066116333008 1)
    (color-rgba 0.81396292711319518 0.83505154639175261 0.42593233238773953 1)
    (color-rgba 0.68004502329270611 0.70618556701030921 0.19905901888881203 1)
    (color-rgba 0.49328859060402686 0.61869472395771297 0.75773195876288657 1)
    (color-rgba 0.082474226804123418 0 1 1)
    (color-rgba 0.17535713315010071 0.15009555220603943 0.20230653882026672 1)
    (color-rgba 0.60000002384185791 0.60000002384185791 1 1)
    (color-rgba 0.68235294117647061 0.69803921568627447 0.76470588235294112 1)
    (color-rgba 0.24705883860588074 0.26274511218070984 0.47843140363693237 1)
    (color-rgba 0.087249092757701874 0.069679923355579376 0.10439129918813705 1)
    (color-rgba 0.23803257942199707 0.1586555540561676 0.19687029719352722 1)
    (color-rgba 0.27826086956521739 0.27826086956521739 0.27826086956521739 1)
    (color-rgba 0.098039224743843079 0.08235294371843338 0.10588236153125763 1)
    (color-rgba 0.17254902422428131 0.15294118225574493 0.18431372940540314 1)
    (color-rgba 0.31372550129890442 0.27450981736183167 0.34509804844856262 1)
    (color-rgba 0.26882703939913333 0.24925620978343593 0.28350515463917525 1)
    (color-rgba 0.27205424930044614 0.24991351276551577 0.28865979381443296 1)
    (color-rgba 0.18823531270027161 0.17254902422428131 0.19607844948768616 1)
    (color-rgba 0.17647059261798859 0.16078431904315948 0.18431372940540314 1)
    (color-rgba 0.16470588743686676 0.14901961386203766 0.17254902422428131 1)
    (color-rgba 0.070588238537311554 0.062745101749897003 0.078431375324726105 1)
    (color-rgba 0.77647066116333008 0.7568628191947937 0.63137257099151611 1)
    (color-rgba 0.16862745583057404 0.14901961386203766 0.18039216101169586 1)
    (color-rgba 0.1098039299249649 0.094117656350135803 0.12156863510608673 1)
    (color-rgba 0.090196080505847931 0.074509806931018829 0.098039224743843079 1)
    (color-rgba 0.12941177189350128 0.11372549831867218 0.14117647707462311 1)
    (color-rgba 0.16862745583057404 0.15294118225574493 0.18039216101169586 1)
    (color-rgba 0.18039216101169586 0.16078431904315948 0.19607844948768616 1)
    (color-rgba 0.14117647707462311 0.12549020349979401 0.15686275064945221 1)
    (color-rgba 0.027450982481241226 0.019607843831181526 0.031372550874948502 1)
    (color-rgba 0.72156864404678345 0.72156864404678345 0.72156864404678345 1)
    (color-rgba 0.89411771297454834 0.89411771297454834 0.89411771297454834 1)
    (color-rgba 0.60392159223556519 0.60392159223556519 0.60392159223556519 1)
    (color-rgba 0.65346789099643177 0.63765308240503704 0.65979381443298968 1)
    (color-rgba 0.79607850313186646 0.71764707565307617 0.61960786581039429 1)
    (color-rgba 0.458823561668396 0.40784317255020142 0.34509804844856262 1)
    (color-rgba 0.95294123888015747 0.28235295414924622 0.23921570181846619 1)
    (color-rgba 0.94117653369903564 0.25098040699958801 0.21568629145622253 1)
    (color-rgba 0.83137261867523193 0.76470595598220825 0.69019609689712524 1)
    (color-rgba 0.45490199327468872 0.38431376218795776 0.32549020648002625 1)
    (color-rgba 0.075093978120903654 0.060333494776171059 0.082474226804123751 1)
    (color-rgba 0.074509806931018829 0.062745101749897003 0.08235294371843338 1)
    (color-rgba 0.075278491173566622 0.060887013076869889 0.082474226804123751 1)
    (color-rgba 0.065222908630538687 0.051338822389815235 0.072164948453608213 1)
    (color-rgba 0.22745099663734436 0.18039216101169586 0.26274511218070984 1)
    (color-rgba 0.67450982332229614 0.66274511814117432 0.56862747669219971 1)
    (color-rgba 0.54123711340206193 0.54123711340206193 0.54123711340206193 1)
    (color-rgba 0.6649484536082475 0.65602297100947904 0.65602297100947904 1)
    (color-rgba 0.25773195876288657 0.25773195876288657 0.25773195876288657 1)
    (color-rgba 0.71649484536082475 0.71649484536082475 0.71649484536082475 1)
    (color-rgba 0.52577319587628868 0.52577319587628868 0.52577319587628868 1)
    (color-rgba 0.35567010309278346 0.24825295786341933 0.24825295786341933 1)
    (color-rgba 0.63917525773195871 0.072926036117069076 0.072926036117069076 1)
    (color-rgba 0.31443298969072164 0.042205770428284793 0.042205770428284793 1)
    (color-rgba 0.21649484536082475 0.21649484536082475 0.21649484536082475 1)
    (color-rgba 0.15463917525773196 0.15463917525773196 0.15463917525773196 1)
    (color-rgba 0.21568629145622253 0.21568629145622253 0.21568629145622253 1)
    (color-rgba 0.17254902422428131 0.17254902422428131 0.17254902422428131 1)
    (color-rgba 0.35567010309278346 0.076385525496436721 0.076385525496436721 1)
    (color-rgba 0.23195876288659789 0.23195876288659789 0.23195876288659789 1)
    (color-rgba 0.15979381443298968 0.15979381443298968 0.15979381443298968 1)
    (color-rgba 0.42745101451873779 0.42745101451873779 0.42745101451873779 1)
    (color-rgba 0.35051546391752575 0.35051546391752575 0.35051546391752575 1)
    (color-rgba 0.47422680412371132 0.47422680412371132 0.47422680412371132 1)
    (color-rgba 0.2989690721649485 0.2989690721649485 0.2989690721649485 1)
    (color-rgba 0.78039222955703735 0.70588237047195435 0.54901963472366333 1)
    (color-rgba 0.062745101749897003 0.054901964962482452 0.070588238537311554 1)
    (color-rgba 0.17647059261798859 0.15686275064945221 0.18823531270027161 1)
    (color-rgba 0.32156863808631897 0.21176472306251526 0.21176472306251526 1)
    (color-rgba 0.37254902720451355 0.26274511218070984 0.26274511218070984 1)
    (color-rgba 0.20000001788139343 0.11372549831867218 0.11372549831867218 1)
    (color-rgba 0.25490197539329529 0.30980393290519714 0.21176472306251526 1)
    (color-rgba 0.11764706671237946 0.14509804546833038 0.098039224743843079 1)
    (color-rgba 0.18039216101169586 0.18823531270027161 0.066666670143604279 1)
    (color-rgba 0.38823533058166504 0.40000003576278687 0.14117647707462311 1)
    (color-rgba 0.29411765933036804 0.19215688109397888 0.19215688109397888 1)
    (color-rgba 0.32549020648002625 0.21568629145622253 0.21568629145622253 1)
    (color-rgba 0.26666668057441711 0.16862745583057404 0.16862745583057404 1)
    (color-rgba 0.25882354378700256 0.14901961386203766 0.14901961386203766 1)
    (color-rgba 0.23529413342475891 0.13725490868091583 0.13725490868091583 1)
    (color-rgba 0.21960785984992981 0.18039216101169586 0.14901961386203766 1)
    (color-rgba 0.26274511218070984 0.21960785984992981 0.29803922772407532 1)
    (color-rgba 0.80927835051546393 0.80927835051546393 0.80927835051546393 1)
    (color-rgba 1 1 1 4.6851522371441338e-310)
    (color-rgba 0.11372549831867218 0.10588236153125763 0.12156863510608673 1)
    (color-rgba 0.10588236153125763 0.090196080505847931 0.11372549831867218 1)
    (color-rgba 0.043137256056070328 0.035294119268655777 0.047058828175067902 1)
    (color-rgba 0.2255708157475956 0.17996263751470279 0.26288659793814428 1)
    (color-rgba 0.31406974330588805 0.27582508821697921 0.34536082474226804 1)
    (color-rgba 0.26285200304435069 0.22071542240365327 0.2989690721649485 1)
    (color-rgba 0.24786740940870697 0.19215688109397888 0.29411765933036804 1)
    (color-rgba 0.12941177189350128 0.11764706671237946 0.13333334028720856 1)
    (color-rgba 0.26804123711340211 0.16730090638621742 0.16730090638621742 1)
    (color-rgba 0.33505154639175261 0.22936414585207227 0.22936414585207227 1)
    (color-rgba 0.29381443298969068 0.1932470767314744 0.1932470767314744 1)
    (color-rgba 0.30588236451148987 0.19607844948768616 0.19607844948768616 1)
    (color-rgba 0.32474226804123707 0.21576835259115754 0.21576835259115754 1)
    (color-rgba 0.30412371134020622 0.19594547844738117 0.19594547844738117 1)
    (color-rgba 0.31443298969072164 0.20469798657718122 0.20469798657718122 1)
    (color-rgba 0.43814432989690721 0.32934338891579606 0.32934338891579606 1)
    (color-rgba 0.26804123711340211 0.16550197190894628 0.16550197190894628 1)
    (color-rgba 0.25773195876288657 0.1504877880024908 0.1504877880024908 1)
    (color-rgba 0.23711340206185572 0.13844876496229158 0.13844876496229158 1)
    (color-rgba 0.37113402061855671 0.26402822943333565 0.26402822943333565 1)
    (color-rgba 0.2010309278350515 0.11198367121012935 0.11198367121012935 1)
    (color-rgba 0.19607844948768616 0.16078431904315948 0.16078431904315948 1)
    (color-rgba 0.74901960784313726 0.38039215686274508 0.41568627450980394 1)
    (color-rgba 0.69072164948453607 0.2874143776378606 0.32602890366573395 1)
    (color-rgba 0.15294118225574493 0.14117647707462311 0.15686275064945221 1)
    (color-rgba 0.78824465508890895 0.7775202380128694 0.7989690721649485 1)
    (color-rgba 0.062745098039215685 0.054901960784313725 0.070588235294117646 4.6851501243407781e-310)
    (color-rgba 0.064173527987269052 0.056182107520929885 0.072164948453608213 1)
    (color-rgba 0.078431372549019607 0.070588235294117646 0.086274509803921567 1)
    (color-rgba 0.18122782220201439 0.16169653359164185 0.19587628865979378 1)
    (color-rgba 0.10588235294117647 0.090196078431372548 0.11372549019607843 4.6851491030517527e-310)
    (color-rgba 0.93333333333333335 0.90980392156862744 0.94901960784313721 4.6831425897695939e-310)
    (color-rgba 0.93317650314813538 0.91026084549920439 0.94845360824742264 1)
    (color-rgba 0.86467570018244255 0.82709472081920699 0.88659793814432986 1)
    (color-rgba 0.77394543232085611 0.72389815263267143 0.7989690721649485 1)
    (color-rgba 0.91764705882352937 0.91764705882352937 0.91764705882352937 4.6831432562056528e-310)
    (color-rgba 0.91752577319587625 0.91752577319587625 0.91752577319587625 1)
    (color-rgba 0.043137254901960784 0.035294117647058823 0.047058823529411764 4.6831431889850573e-310)
    (color-rgba 0.61855670103092786 0.61855670103092786 0.61855670103092786 1)
    (color-rgba 0.27835051546391754 0.27835051546391754 0.27835051546391754 1)
    (color-rgba 0.57254904508590698 0.57254904508590698 0.57254904508590698 1)
    (color-rgba 0.634020618556701 0.634020618556701 0.634020618556701 1)
    (color-rgba 0.60309278350515472 0.60309278350515472 0.60309278350515472 1)
    (color-rgba 0.65979381443298968 0.65979381443298968 0.65979381443298968 1)
    (color-rgba 0.61340206185567014 0.61340206185567014 0.61340206185567014 1)
    (color-rgba 0.66666668653488159 0.66666668653488159 0.66666668653488159 1)
    (color-rgba 0.63917525773195871 0.63917525773195871 0.63917525773195871 1)
    (color-rgba 0.32549020648002625 0.32549020648002625 0.32549020648002625 1)
    (color-rgba 0.47473823791443437 0.40718189995156712 0.5670103092783505 1)
    (color-rgba 0.57216494845360821 0.57216494845360821 0.57216494845360821 1)
    (color-rgba 0.6649484536082475 0.6649484536082475 0.6649484536082475 1)
    (color-rgba 0.32474226804123707 0.32474226804123707 0.32474226804123707 1)
    (color-rgba 0.40718189995156712 0.4879199623949938 0.5670103092783505 1)
    (color-rgba 0.41047733107170692 0.5670103092783505 0.40718189995156712 1)
    (color-rgba 0.5670103092783505 0.40718189995156712 0.40718189995156712 1)
    (color-rgba 0.27644996789301424 0.35567010309278346 0.21483429045872826 1)
    (color-rgba 0.37723310039438174 0.47422680412371132 0.30554210198574688 1)
    (color-rgba 0.69053465005862436 0.731958762886598 0.61405936483775003 1)
    (color-rgba 0.19528432709866911 0.26804123711340211 0.14211582370442125 1)
    (color-rgba 0.50886003279969938 0.56185567010309279 0.41102193316266517 1)
    (color-rgba 0.25809020240430447 0.35051546391752575 0.19054867501556769 1)
    (color-rgba 0.18431372940540314 0.28627452254295349 0.1098039299249649 1)
    (color-rgba 0.60784316062927246 0.65882354974746704 0.51372551918029785 1)
    (color-rgba 0.87058823529411766 0.85098039215686272 0.73333333333333328 0)
    (color-rgba 0.87058830261230469 0.85098046064376831 0.73333334922790527 1))

# end of colorrc
